            Australian Bureau of Statistics,Unnamed: 1,Unnamed: 2,Unnamed: 3,Unnamed: 4,Unnamed: 5,Unnamed: 6,Unnamed: 7,Unnamed: 8,Unnamed: 9,Unnamed: 10,Unnamed: 11,Unnamed: 12,Unnamed: 13,Unnamed: 14,Unnamed: 15,Unnamed: 16,Unnamed: 17,Unnamed: 18,Unnamed: 19,Unnamed: 20,Unnamed: 21,Unnamed: 22,Unnamed: 23,Unnamed: 24,Unnamed: 25,Unnamed: 26,Unnamed: 27,Unnamed: 28,Unnamed: 29
"Recorded Crime – Victims, 2021",,,,,,,,,,,,,,,,,,,,,,,,,,,,,
Released at 11.30am (Canberra time) Thurs 28 July 2022,,,,,,,,,,,,,,,,,,,,,,,,,,,,,
"Table 9 Victims, Selected offences by states and territories, 1993–2021",,,,,,,,,,,,,,,,,,,,,,,,,,,,,
Offence,1993,1994,1995,1996,1997,1998,1999(a),2000,2001,2002,2003,2004,2005,2006,2007(b),2008(c),2009(d)(e),2010(f)(g),2011,2012,2013,2014,2015,2016,2017,2018,2019,2020,2021
,New South Wales,,,,,,,,,,,,,,,,,,,,,,,,,,,,
Homicide and related offences(h),206,178,167,198,221,239,267,262,313,256,233,149,153,176,162,153,143,133,153,107,131,107,104,100,77,102,116,99,81
Murder ,118,108,103,95,110,93,124,98,103,96,100,75,86,105,95,80,84,73,82,61,85,75,67,65,49,70,76,68,55
Attempted murder,85,60,57,85,100,121,132,149,207,144,120,73,60,69,61,66,48,45,59,35,48,30,32,27,15,22,26,27,28
Manslaughter,7,7,8,15,11,26,14,12,8,16,13,3,3,4,9,12,12,11,3,9,0,0,5,5,10,9,13,0,0
,,,,,,,,,,,,,,,,,,,,,,,,,,,,,
Assault(i),np,np,37863,47828,55995,59219,63813,68714,75461,80028,79890,78305,81165,82773,84852,79846,75814,73968,71165,68745,68963,65576,65140,65260,65460,66111,67661,64907,64689
,,,,,,,,,,,,,,,,,,,,,,,,,,,,,
Sexual assault,3794,4611,4159,5038,4660,4503,4427,5975,6268,6477,6799,7072,6826,6669,6787,7142,7080,7269,7024,7628,8121,8192,8603,8795,9847,10241,11009,11276,11546
,,,,,,,,,,,,,,,,,,,,,,,,,,,,,
Kidnapping/abduction(j),312,225,171,213,273,379,447,385,470,435,421,467,462,450,446,541,381,329,409,348,305,305,257,267,230,212,225,162,210
,,,,,,,,,,,,,,,,,,,,,,,,,,,,,
Robbery,6003,7350,7646,8828,12571,13324,12553,13328,15234,11707,10849,8885,9565,9240,9344,8091,6760,6569,5327,5100,4723,3850,2930,2602,2676,2817,2861,2482,2031
Armed robbery,2310,2217,2413,3017,4980,5719,4616,4691,5614,3812,3316,2864,3881,3781,3873,2897,2690,2150,2104,2127,1984,1772,1191,1068,1035,1118,1205,1187,863
Unarmed robbery,3689,5129,5235,5806,7591,7608,7937,8635,9617,7892,7526,6021,5685,5457,5471,5188,4067,4423,3221,2973,2741,2078,1736,1531,1639,1707,1659,1292,1169
,,,,,,,,,,,,,,,,,,,,,,,,,,,,,
Blackmail/extortion,6,8,16,40,55,63,59,62,66,79,78,94,85,81,77,93,183,173,137,125,113,122,139,114,96,114,93,101,134
,,,,,,,,,,,,,,,,,,,,,,,,,,,,,
Unlawful entry with intent(k),110445,120006,133289,151817,165150,171863,150998,160609,162040,141170,128488,110763,103448,87542,84764,80436,70426,59721,58269,58228,49902,46221,43316,41206,38223,36684,34564,26084,28200
Involving the taking of property,np,np,109905,125305,137437,142216,121708,126940,125983,109306,98792,84045,77986,61736,59370,56517,49669,40101,38924,38673,32700,30262,26736,25284,23145,22043,20519,14847,16551
Other,np,np,23386,26513,27708,29649,29293,33665,36059,31859,29698,26719,25463,25805,25389,23916,20761,19625,19351,19554,17206,15962,16574,15922,15082,14642,14043,11238,11648
,,,,,,,,,,,,,,,,,,,,,,,,,,,,,
Motor vehicle theft,39064,45480,46593,48845,54710,52836,47356,51246,52282,41663,34825,33208,29096,27960,26478,25651,21426,19406,19208,17198,15114,14110,13032,12013,12377,12290,12642,9435,9917
,,,,,,,,,,,,,,,,,,,,,,,,,,,,,
Other theft(l),np,np,139431,158197,165200,175916,200087,232297,229573,211905,194008,170293,157984,157361,151372,144461,144696,145399,151977,154335,147627,138254,135407,135728,132202,132909,133666,99245,94722
,Victoria(m),,,,,,,,,,,,,,,,,,,,,,,,,,,,
Homicide and related offences(h),116,117,110,89,112,104,122,117,110,128,123,102,115,116,103,109,124,99,96,89,82,106,98,113,145,87,103,98,84
Murder,52,58,61,49,61,44,59,53,64,65,70,44,60,63,50,56,48,47,53,45,46,58,52,63,56,52,56,65,49
Attempted murder,59,57,45,35,41,50,58,50,49,51,55,49,53,47,49,40,60,49,34,32,30,36,37,47,71,30,36,18,18
Manslaughter,3,6,7,3,3,0,7,10,0,3,3,6,3,9,4,7,9,3,9,17,8,8,9,3,16,4,18,18,18
,,,,,,,,,,,,,,,,,,,,,,,,,,,,,
Assault(i),np,np,np,np,np,np,np,np,np,np,np,np,np,np,np,np,np,np,np,np,np,np,np,np,np,np,np,np,np
,,,,,,,,,,,,,,,,,,,,,,,,,,,,,
Sexual assault,2829,2836,2802,2810,3005,3321,3398,3154,3288,3427,3437,3540,3535,4103,4261,4193,3435,3629,4021,4149,3920,4166,4719,5354,6024,5911,5779,5513,6164
,,,,,,,,,,,,,,,,,,,,,,,,,,,,,
Kidnapping/abduction,64,98,98,97,97,113,123,111,116,105,96,111,124,97,105,91,65,116,108,120,138,122,127,135,137,122,156,142,146
,,,,,,,,,,,,,,,,,,,,,,,,,,,,,
Robbery,1875,1619,1704,1913,2491,2997,3407,3355,4539,3200,2902,2296,2479,2641,3201,3267,3098,3015,3299,2975,2605,2286,2442,2995,3127,2992,3854,2720,2381
Armed robbery,962,772,757,845,1198,1552,1883,1793,2605,1586,1429,1114,1234,1376,1505,1616,1482,1438,1639,1529,1365,1142,1571,1923,1885,1689,2026,1509,1353
Unarmed robbery,918,846,947,1064,1293,1441,1526,1562,1930,1619,1469,1177,1245,1265,1697,1651,1611,1574,1659,1451,1237,1147,873,1073,1244,1304,1833,1206,1030
,,,,,,,,,,,,,,,,,,,,,,,,,,,,,
Blackmail/extortion,49,72,55,84,129,90,79,76,112,124,111,95,100,123,127,118,239,137,119,145,173,154,153,164,151,194,200,198,229
,,,,,,,,,,,,,,,,,,,,,,,,,,,,,
Unlawful entry with intent(k),80077,71614,70921,70751,74147,70592,76302,78902,81119,71176,60699,56138,52010,47933,49555,49587,45190,44410,43747,47461,44915,44457,47853,52679,44413,38587,39760,31286,29716
Involving the taking of property(o),np,np,56168,54939,57386,54882,60475,62698,62904,53626,45863,41977,37226,33446,34620,34891,31707,31232,30987,33360,31362,30446,32823,36197,30160,26000,26901,20315,18920
Other,np,np,14757,15819,16765,15705,15826,16200,18215,17543,14829,14158,14788,14489,14931,14699,13484,13184,12755,14099,13547,14012,15025,16477,14250,12585,12857,10970,10791
,,,,,,,,,,,,,,,,,,,,,,,,,,,,,
Motor vehicle theft,27405,27410,29262,28765,30450,29560,31877,36489,39352,28886,23867,20102,18895,17049,16226,15896,13268,12271,12322,13593,12051,13227,15171,18992,14803,14782,15899,13412,12132
,,,,,,,,,,,,,,,,,,,,,,,,,,,,,
Other theft(l),np,np,111694,119573,119868,125567,135381,147682,151047,142574,136871,120624,117036,115599,112673,123989,115453,111633,110384,115008,110568,111274,121260,140124,118510,125334,136727,113436,106776
,Queensland,,,,,,,,,,,,,,,,,,,,,,,,,,,,
Homicide and related offences(h),199,185,193,212,199,223,189,208,234,205,179,161,134,137,129,128,136,97,99,101,92,113,101,114,90,78,103,95,82
Murder,44,42,66,64,74,64,67,75,66,58,63,55,46,57,50,56,53,48,43,48,39,53,57,37,39,41,47,46,39
Attempted murder,145,143,122,137,110,150,115,122,154,131,112,92,85,65,70,70,72,42,42,49,49,58,48,76,46,35,48,38,34
Manslaughter,6,4,7,10,9,10,15,10,16,17,3,11,3,11,6,0,10,7,7,3,10,4,5,8,3,7,3,10,5
,,,,,,,,,,,,,,,,,,,,,,,,,,,,,
Assault(i),np,np,np,np,np,np,np,np,np,np,np,np,np,np,np,np,np,np,np,np,np,np,np,np,np,np,np,np,np
,,,,,,,,,,,,,,,,,,,,,,,,,,,,,
Sexual assault,2324,2006,2503,3032,3334,3484,3552,3755,4087,4800,3793,4257,4153,4604,4376,4439,4386,4239,3899,3913,4019,4063,4199,4349,4751,4849,4859,5120,6891
,,,,,,,,,,,,,,,,,,,,,,,,,,,,,
Kidnapping/abduction,119,85,76,68,108,98,93,98,75,74,92,111,83,57,71,60,46,68,71,58,54,31,28,28,39,31,59,34,26
,,,,,,,,,,,,,,,,,,,,,,,,,,,,,
Robbery,1940,1937,1982,2129,2442,2534,2473,2354,2552,2046,2067,1891,1906,1927,1766,1805,1994,1761,1782,2005,1786,1360,1380,1615,1845,2195,2621,2219,2483
Armed robbery,946,863,890,911,1250,1288,1256,1196,1170,885,957,854,844,927,747,845,1003,770,886,1135,989,729,734,857,895,1086,1334,1065,1138
Unarmed robbery,994,1072,1091,1219,1189,1244,1215,1161,1385,1161,1110,1035,1058,993,1016,958,994,993,899,870,801,629,644,765,952,1107,1286,1146,1344
,,,,,,,,,,,,,,,,,,,,,,,,,,,,,
Blackmail/extortion,45,33,53,92,82,75,72,66,87,56,62,58,59,78,60,53,63,46,44,44,94,102,66,79,83,87,96,67,93
,,,,,,,,,,,,,,,,,,,,,,,,,,,,,
Unlawful entry with intent(k)(p),75585,73400,67542,70849,74441,74590,74186,77282,73725,68256,62562,56561,50673,50553,44185,44420,43523,43256,43600,46464,41289,33857,32483,34321,37258,38833,41912,37359,38909
Involving the taking of property,np,np,51699,52862,56953,56910,56361,np,55592,51657,47545,42583,37827,37305,32068,31719,30973,31045,30697,32044,28052,22760,21884,23044,24585,25690,27391,23647,23423
Other,np,np,15845,17983,17489,17685,17830,np,18135,16593,15014,13974,12849,13246,12118,12702,12553,12207,12909,14426,13235,11103,10597,11280,12672,13146,14521,13709,15484
,,,,,,,,,,,,,,,,,,,,,,,,,,,,,
Motor vehicle theft,15743,16526,18415,17273,17060,15691,18247,18626,17466,15852,13332,12408,11302,10190,9126,8465,8290,7943,9189,11260,10434,8507,8576,10172,11031,12678,14466,13758,14510
,,,,,,,,,,,,,,,,,,,,,,,,,,,,,
Other theft(l),np,np,84952,92023,93389,97387,105171,112316,116820,116987,112298,100267,93389,89364,77741,77367,82325,89272,100744,106891,101553,97478,98856,110307,115498,127179,136877,107134,112379
,South Australia,,,,,,,,,,,,,,,,,,,,,,,,,,,,
Homicide and related offences(h),88,62,63,50,58,54,77,70,55,66,60,78,73,52,52,62,62,34,61,51,38,37,35,40,49,29,29,28,35
Murder,30,28,20,22,24,26,40,20,30,28,16,30,22,16,16,22,25,15,27,23,21,11,23,16,24,15,10,7,12
Attempted murder,53,39,39,30,36,28,37,47,22,39,43,52,52,38,44,40,35,22,31,27,16,15,12,13,20,11,14,13,24
Manslaughter,8,0,0,4,5,0,0,0,0,0,0,0,4,3,0,0,0,0,0,4,4,7,0,3,9,0,0,3,0
,,,,,,,,,,,,,,,,,,,,,,,,,,,,,
Assault(i),np,np,13454,13266,13729,14886,13862,15424,16291,16542,16003,14881,15407,16176,16951,17132,16956,15901,16243,15163,15220,16005,17270,16978,16213,16580,16165,17226,18174
,,,,,,,,,,,,,,,,,,,,,,,,,,,,,
Sexual assault,1574,1478,1357,1360,1219,1307,1319,1462,1579,1624,1849,1794,1652,1515,1676,1586,1565,1363,1355,1335,1359,1545,1590,1521,1584,1611,1550,1625,1783
,,,,,,,,,,,,,,,,,,,,,,,,,,,,,
Kidnapping/abduction,78,72,81,38,36,30,38,46,34,30,33,36,36,61,69,60,40,65,67,78,68,67,81,77,52,64,59,45,41
,,,,,,,,,,,,,,,,,,,,,,,,,,,,,
Robbery,1705,1513,1462,1337,1220,1672,1471,1668,1678,1625,1319,1240,1173,1189,1252,1221,1228,1140,1027,975,778,737,567,543,459,508,603,457,530
Armed robbery,492,469,366,338,372,639,529,583,622,523,527,507,514,522,602,576,560,522,496,531,342,380,296,282,201,247,342,248,268
Unarmed robbery,1213,1051,1094,992,850,1027,945,1086,1056,1101,791,737,656,664,656,643,666,615,534,443,431,360,266,260,260,263,262,218,256
,,,,,,,,,,,,,,,,,,,,,,,,,,,,,
Blackmail/extortion,24,18,15,16,21,16,25,22,57,61,64,43,42,62,51,56,51,31,37,47,48,53,64,74,48,59,61,57,109
,,,,,,,,,,,,,,,,,,,,,,,,,,,,,
Unlawful entry with intent(k)(p),41582,35822,30663,29984,27867,32743,33971,36303,35045,33057,28515,26730,24296,23114,20360,17824,18088,16828,16930,16438,14351,13070,13217,14222,12299,12960,14619,10334,10717
Involving the taking of property,np,np,25097,24152,22735,26783,27860,na,22374,21772,18382,17027,13739,14471,12718,11165,11569,10968,11189,10864,9520,8579,8577,9581,8425,8756,9690,6611,6878
Other,np,np,5559,5829,5127,5963,6114,na,12678,11281,10137,9700,10557,8644,7644,6661,6516,5863,5738,5572,4833,4483,4641,4644,3871,4199,4932,3722,3836
,,,,,,,,,,,,,,,,,,,,,,,,,,,,,
Motor vehicle theft,10289,9351,9972,8449,8061,10980,11980,13465,12660,11213,10209,10509,9035,8042,7735,6328,5399,4541,4506,4419,3636,3319,3217,3549,3023,3397,4175,3528,3412
,,,,,,,,,,,,,,,,,,,,,,,,,,,,,
Other theft(l),np,np,50875,49169,47134,54640,62114,68765,79135,79188,58160,52499,48196,49655,47083,44558,43446,38990,41042,37120,35937,34962,37128,39773,37566,42812,49596,39201,41905
,Western Australia,,,,,,,,,,,,,,,,,,,,,,,,,,,,
Homicide and related offences(h),51,75,71,48,60,63,55,61,45,66,60,69,56,52,45,41,33,58,43,55,47,36,48,61,49,63,44,59,48
Murder,27,41,45,20,28,32,39,35,21,39,30,34,22,28,26,28,24,30,20,29,35,31,26,29,25,42,27,26,25
Attempted murder,16,28,20,25,22,23,8,14,18,23,20,28,17,14,8,8,8,22,11,13,7,4,13,19,12,19,12,27,18
Manslaughter,13,9,8,3,9,5,7,17,9,4,14,3,13,10,4,4,5,4,9,7,3,3,6,12,8,6,4,6,10
,,,,,,,,,,,,,,,,,,,,,,,,,,,,,
Assault(i),np,np,10993,12343,13795,14222,14231,14136,15180,15280,15327,18271,20387,21961,21442,21144,21965,20925,21597,23120,25307,24996,29351,32252,30578,29858,31097,34191,36177
,,,,,,,,,,,,,,,,,,,,,,,,,,,,,
Sexual assault(q),1261,1375,1780,1757,1613,1510,1554,1532,1684,1617,1388,1644,1792,1822,1991,1834,1712,1654,1630,1773,1825,1942,2012,2157,2724,2879,2769,3048,3564
,,,,,,,,,,,,,,,,,,,,,,,,,,,,,
Kidnapping/abduction,35,44,32,56,40,69,47,47,45,37,33,27,18,46,39,31,25,19,21,24,19,23,29,27,21,7,23,16,14
,,,,,,,,,,,,,,,,,,,,,,,,,,,,,
Robbery,972,1218,1401,1714,2128,2718,2117,2087,2068,1967,2153,1801,1617,1812,1848,1685,1590,1626,1771,1636,1439,1295,1291,1301,1063,1162,1335,1126,1191
Armed robbery,478,587,670,965,1072,1394,928,998,1003,911,787,510,682,704,669,593,552,539,628,633,765,648,662,687,520,546,611,552,533
Unarmed robbery,498,632,734,748,1058,1328,1183,1091,1061,1056,1364,1292,935,1114,1175,1093,1035,1084,1140,1008,668,646,626,609,545,618,719,575,663
,,,,,,,,,,,,,,,,,,,,,,,,,,,,,
Blackmail/extortion,4,22,8,38,61,22,16,27,26,32,68,75,101,97,102,98,101,90,80,84,78,83,81,100,139,101,108,88,70
,,,,,,,,,,,,,,,,,,,,,,,,,,,,,
Unlawful entry with intent(k),52764,55908,61030,56099,56574,59549,55790,60856,62087,61474,57733,44852,39264,39987,37756,37976,33178,31578,36803,36386,35439,35004,37515,37278,33902,31738,31854,20365,22408
Involving the taking of property,np,np,43945,39694,40334,39938,37431,42030,41822,41690,39740,30448,26960,27879,26365,26801,23594,22415,26115,25800,24850,24637,26311,26019,23170,21517,21519,13132,14649
Other,np,np,17086,16409,16247,19611,18366,18827,20264,19783,17996,14403,12304,12112,11390,11177,9581,9159,10688,10587,10590,10370,11211,11261,10738,10215,10336,7238,7760
,,,,,,,,,,,,,,,,,,,,,,,,,,,,,
Motor vehicle theft,16208,16628,17870,14016,14828,16113,12755,11914,11346,10488,10706,7802,7205,7480,7303,7776,6452,6489,7668,8879,8701,8067,8416,8357,7764,7330,7664,5338,6577
,,,,,,,,,,,,,,,,,,,,,,,,,,,,,
Other theft(l),np,np,75096,73900,75945,78420,78874,88291,92146,98253,92897,79182,76089,80750,78397,81277,70106,64730,74440,77295,76524,81039,92483,88215,82630,87035,89353,59258,65857
,Tasmania(r),,,,,,,,,,,,,,,,,,,,,,,,,,,,
Homicide and related offences(h),12,12,14,61,11,17,7,15,20,9,12,13,14,7,11,3,12,6,11,10,13,12,8,12,5,7,7,3,9
Murder,7,3,9,38,6,6,4,10,11,7,6,4,6,4,8,3,7,6,6,9,8,6,3,9,3,0,4,3,5
Attempted murder,0,7,9,23,0,5,5,9,11,4,7,6,3,6,7,0,3,6,3,3,3,4,0,5,3,5,3,0,5
Manslaughter,0,0,0,3,0,4,0,0,3,0,0,0,0,0,0,0,0,0,0,0,0,0,0,0,0,0,0,0,0
,,,,,,,,,,,,,,,,,,,,,,,,,,,,,
Assault(i)(s),np,np,2041,2219,1980,2234,2566,2720,3485,3647,3767,3974,4550,4120,4061,3735,3533,np,np,np,np,2754,2932,2944,3193,3256,3365,3419,3559
,,,,,,,,,,,,,,,,,,,,,,,,,,,,,
Sexual assault,129,139,162,163,199,215,195,191,207,251,276,294,266,298,252,197,142,177,148,123,187,227,186,213,213,199,211,307,470
,,,,,,,,,,,,,,,,,,,,,,,,,,,,,
Kidnapping/abduction,13,20,0,4,3,12,0,10,14,11,3,9,6,5,3,0,3,0,0,5,0,0,0,0,0,0,3,0,3
,,,,,,,,,,,,,,,,,,,,,,,,,,,,,
Robbery,108,150,129,146,146,189,185,172,189,137,136,122,123,181,177,116,142,150,112,139,120,82,97,87,88,102,121,97,125
Armed robbery,48,63,61,45,42,84,75,79,81,54,72,51,41,92,97,64,66,85,60,90,73,52,52,48,62,67,88,47,48
Unarmed robbery,64,88,65,95,107,101,109,92,110,82,65,78,81,95,80,50,79,62,56,50,49,31,47,41,29,31,37,43,71
,,,,,,,,,,,,,,,,,,,,,,,,,,,,,
Blackmail/extortion,0,0,3,0,3,0,3,0,0,0,4,0,3,0,7,3,0,0,0,0,0,5,3,0,6,0,0,0,0
,,,,,,,,,,,,,,,,,,,,,,,,,,,,,
Unlawful entry with intent(k),11940,13244,11370,12814,14192,14313,12289,10024,9257,7410,6567,4994,4462,4335,4162,3639,3885,3986,3562,3448,3460,3700,3866,3008,3314,2994,3372,2711,2496
Involving the taking of property,np,np,9073,10045,11072,10951,9591,7830,7338,5841,5162,3861,3479,3416,3293,2855,3101,3111,2886,2607,2607,2906,2892,2342,2564,2294,2643,2136,1901
Other,np,np,2296,2767,3120,3366,2697,2198,1919,1564,1403,1130,984,914,875,779,782,877,675,843,855,793,974,661,750,703,730,580,596
,,,,,,,,,,,,,,,,,,,,,,,,,,,,,
Motor vehicle theft,1328,1705,2254,2893,2452,2990,3076,3370,3466,2487,2167,1753,2263,1912,1403,1526,1430,1811,1728,1332,1130,1230,1262,1186,1288,1004,1287,986,1207
,,,,,,,,,,,,,,,,,,,,,,,,,,,,,
Other theft(l),np,np,11066,11518,12909,13869,13260,12940,13357,13540,12110,11048,10584,10164,9114,8887,8204,7496,6685,5725,6239,7096,7229,7068,8062,7244,8029,6067,6599
,Northern Territory(t),,,,,,,,,,,,,,,,,,,,,,,,,,,,
Homicide and related offences(h),24,11,26,28,16,20,17,27,22,33,18,28,28,23,23,27,16,27,13,21,25,13,16,8,8,9,11,12,13
Murder,14,9,24,15,9,17,10,15,15,14,12,16,14,9,12,14,14,11,8,21,17,9,10,0,4,5,10,3,3
Attempted murder,8,3,3,9,3,5,3,6,0,12,3,0,5,4,3,4,9,17,3,0,0,3,3,3,0,0,0,5,8
Manslaughter,5,0,0,3,0,0,3,0,3,9,8,9,16,7,3,3,0,3,0,4,6,0,5,0,0,0,0,3,3
,,,,,,,,,,,,,,,,,,,,,,,,,,,,,
Assault(i),np,np,2473,2628,2576,2503,2567,2938,2950,3428,3708,3384,3979,4348,5161,5262,6488,6883,6749,7111,7967,7251,6987,6832,7715,7365,6730,8200,9054
,,,,,,,,,,,,,,,,,,,,,,,,,,,,,
Sexual assault,192,180,266,280,269,233,164,219,288,331,325,338,309,322,337,374,404,328,315,325,366,401,401,378,426,360,354,370,355
,,,,,,,,,,,,,,,,,,,,,,,,,,,,,
Kidnapping/abduction,0,9,5,0,0,0,0,0,3,3,0,7,0,8,0,4,4,0,3,0,0,0,5,0,0,0,0,0,0
,,,,,,,,,,,,,,,,,,,,,,,,,,,,,
Robbery,44,56,84,107,72,84,88,66,72,97,80,59,71,127,110,112,122,96,109,110,96,115,130,100,101,131,147,170,223
Armed robbery,17,16,21,27,22,35,40,28,32,39,27,27,23,54,37,46,51,46,50,60,32,49,65,34,49,48,66,80,93
Unarmed robbery,31,37,60,85,49,47,46,37,42,59,51,33,50,76,76,69,71,48,55,50,63,69,69,64,51,82,78,89,125
,,,,,,,,,,,,,,,,,,,,,,,,,,,,,
Blackmail/extortion,0,0,3,3,3,0,0,0,0,0,0,3,3,0,0,0,5,0,0,4,0,4,3,0,0,0,3,3,6
,,,,,,,,,,,,,,,,,,,,,,,,,,,,,
Unlawful entry with intent(k),3684,4511,5535,5267,4809,5073,4872,5361,6546,5670,4218,3442,3235,3675,3559,4018,3552,4040,3512,4195,3101,3341,3272,3736,4277,4981,4652,3749,4745
Involving the taking of property,np,np,3803,3675,3452,3757,3182,3427,4149,3563,2609,1860,1682,1875,1736,2080,1940,2101,1820,2147,1595,1859,1865,1825,2043,2301,2071,1467,2028
Other,np,np,1728,1585,1353,1318,1684,1936,2397,2108,1610,1575,1551,1801,1825,1932,1612,1940,1685,2046,1503,1480,1410,1906,2235,2683,2580,2281,2719
,,,,,,,,,,,,,,,,,,,,,,,,,,,,,
Motor vehicle theft,752,765,1176,1104,1004,965,988,995,938,811,705,480,535,618,675,913,785,961,641,902,771,964,872,810,740,769,700,513,708
,,,,,,,,,,,,,,,,,,,,,,,,,,,,,
Other theft(l),np,np,7089,7432,7102,6730,6085,7253,7939,8155,6732,6462,6549,6988,6459,6642,6601,6956,6242,6366,5736,6347,6416,6662,6417,6426,6285,5289,6503
,Australian Capital Territory,,,,,,,,,,,,,,,,,,,,,,,,,,,,
Homicide and related offences(h),6,6,5,3,6,3,3,3,0,4,4,8,3,4,6,8,3,3,3,4,3,4,7,5,12,4,6,4,12
Murder,0,3,0,0,3,0,0,3,0,3,3,0,3,3,4,3,3,3,0,3,0,4,4,3,0,6,0,3,3
Attempted murder,5,4,4,3,0,0,3,0,0,0,0,0,0,0,4,0,0,0,3,0,0,0,0,0,5,0,4,0,3
Manslaughter,0,0,0,0,0,0,0,0,0,0,0,0,0,0,0,0,0,0,0,5,0,0,0,0,0,0,0,0,3
,,,,,,,,,,,,,,,,,,,,,,,,,,,,,
Assault(i),np,np,np,1806,1689,1665,1684,1744,1955,1989,2001,1768,1771,1968,2195,2336,2257,2352,2237,2025,1840,1728,1919,2327,2364,2343,2399,2215,2314
,,,,,,,,,,,,,,,,,,,,,,,,,,,,,
Sexual assault,83,102,78,118,112,84,95,119,179,184,167,223,166,216,279,236,220,193,222,202,237,203,240,272,266,278,327,289,341
,,,,,,,,,,,,,,,,,,,,,,,,,,,,,
Kidnapping/abduction,3,0,0,3,8,3,9,3,5,13,3,7,0,4,7,7,11,0,4,6,6,4,4,3,3,6,7,3,0
,,,,,,,,,,,,,,,,,,,,,,,,,,,,,
Robbery,114,129,160,208,227,289,310,308,253,209,199,215,248,259,288,217,316,277,232,216,161,168,136,176,224,223,236,152,171
Armed robbery,52,63,77,95,116,133,118,115,98,38,69,104,107,144,121,81,126,151,119,125,74,95,87,98,123,123,121,58,90
Unarmed robbery,63,66,85,111,118,156,195,194,155,177,136,111,134,117,162,135,193,128,110,95,84,75,54,76,103,108,109,91,85
,,,,,,,,,,,,,,,,,,,,,,,,,,,,,
Blackmail/extortion,0,0,0,0,4,0,3,3,0,0,0,3,3,0,0,3,0,0,0,0,0,0,5,11,13,12,6,3,8
,,,,,,,,,,,,,,,,,,,,,,,,,,,,,
Unlawful entry with intent(k),5698,4994,4873,4502,4391,5591,7317,7625,5928,6120,5235,5200,4604,4865,4136,3875,4868,4273,2725,2387,2078,2240,2492,2310,2598,2205,2616,1975,1911
Involving the taking of property,np,np,3593,3229,3163,4077,6379,6455,5053,5279,4563,4591,3945,3606,3202,2932,3810,3227,1983,1725,1458,1513,1776,1605,1843,1561,1814,1207,1212
Other,np,np,1274,1280,1231,1512,941,1173,880,839,679,611,657,1261,933,939,1056,1050,741,666,621,726,721,706,753,650,808,773,701
,,,,,,,,,,,,,,,,,,,,,,,,,,,,,
Motor vehicle theft,1679,1607,1556,1566,1569,2424,3273,2817,2383,2060,2496,1668,2043,2128,1654,1705,1920,1392,816,969,676,753,978,967,1410,1128,1145,1122,1276
,,,,,,,,,,,,,,,,,,,,,,,,,,,,,
Other theft(l),np,np,10322,10411,9328,10664,11581,11723,10119,10203,10960,8409,8507,8854,9101,9882,9493,12788,9784,9612,9367,8920,10864,9405,9512,8625,8707,6992,7733
,,,,,,,,,,,,,,,,,,,,,,,,,,,,,
np = not published,,,,,,,,,,,,,,,,,,,,,,,,,,,,,
Cells in this table have been randomly adjusted to avoid the release of confidential data. Discrepancies may occur between sums of the component items and totals.,,,,,,,,,,,,,,,,,,,,,,,,,,,,,
The definition of a victim varies according to the category of the offence. This table includes both person and non-person victims.,,,,,,,,,,,,,,,,,,,,,,,,,,,,,
(a) Australian Standard Offence Classification implemented.,,,,,,,,,,,,,,,,,,,,,,,,,,,,,
"(b) National Crime Recording Standard implementation began in Queensland, South Australia, Western Australia and the Northern Territory in 2007.",,,,,,,,,,,,,,,,,,,,,,,,,,,,,
"(c) National Crime Recording Standard implementation began in New South Wales, Victoria, Tasmania and the Australian Capital Territory in 2008.",,,,,,,,,,,,,,,,,,,,,,,,,,,,,
(d) Data classified as ‘no crime’ removed from 2009 onwards.,,,,,,,,,,,,,,,,,,,,,,,,,,,,,
(e) Australian Standard Offence Classification (Second edition) implemented.,,,,,,,,,,,,,,,,,,,,,,,,,,,,,
(f) The National Crime Recording Standard implementation began in 2007 and finished in 2010.,,,,,,,,,,,,,,,,,,,,,,,,,,,,,
(g) Australian and New Zealand Standard Offence Classification implemented.,,,,,,,,,,,,,,,,,,,,,,,,,,,,,
(h) Homicide and related offences excludes driving causing death.,,,,,,,,,,,,,,,,,,,,,,,,,,,,,
(i) Data for assault introduced in 1995.,,,,,,,,,,,,,,,,,,,,,,,,,,,,,
(j) Kidnapping/abduction data for New South Wales may be slightly inflated.,,,,,,,,,,,,,,,,,,,,,,,,,,,,,
(k) Further detail for unlawful entry with intent was introduced in 1995 with the added subcategories of property – stolen and property – other. ,,,,,,,,,,,,,,,,,,,,,,,,,,,,,
(l) Data for other theft introduced in 1995. ,,,,,,,,,,,,,,,,,,,,,,,,,,,,,
(m) Published data for Victoria from 2010-2012 not directly comparable with data published for 2013 onwards.,,,,,,,,,,,,,,,,,,,,,,,,,,,,,
(n) Assault data not published for Victoria and Queensland.,,,,,,,,,,,,,,,,,,,,,,,,,,,,,
(o) Victoria may not always be able to identify where property has been taken for unlawful entry with intent. ,,,,,,,,,,,,,,,,,,,,,,,,,,,,,
(p) Unlawful entry with intent subcategories are not available in 2000 for Queensland and South Australia.,,,,,,,,,,,,,,,,,,,,,,,,,,,,,
(q) Sexual assault data for Western Australia understated prior to 2017.,,,,,,,,,,,,,,,,,,,,,,,,,,,,,
(r) 2020 data for Tasmania revised.,,,,,,,,,,,,,,,,,,,,,,,,,,,,,
(s) Assault data not published for Tasmania for 2010-2013.,,,,,,,,,,,,,,,,,,,,,,,,,,,,,
(t) Northern Territory data may include victim counts for those situations where police have determined after investigation that 'no crime' has occurred.,,,,,,,,,,,,,,,,,,,,,,,,,,,,,
,,,,,,,,,,,,,,,,,,,,,,,,,,,,,
,,,,,,,,,,,,,,,,,,,,,,,,,,,,,
© Commonwealth of Australia 2022,,,,,,,,,,,,,,,,,,,,,,,,,,,,,
